24.6483330727
23.4827840328
23.4580690861
23.4338080883
23.4622750282
23.4323050976
23.3663899899
23.3683300018
23.4760341644
23.3877580166
23.4265048504
23.5116479397
23.4506480694
23.4402849674
23.2690479755
23.314740181
23.4858551025
23.5272481441
23.4277889729
23.3702960014
23.3099360466
23.3427231312
23.4076330662
23.54438591
23.457875967
23.404848814
23.3655118942
23.3371610641
23.4486851692
23.4197099209
23.4483280182
23.3317430019
23.3589980602
23.4605801105
23.5479469299
23.374382019
23.3900361061
23.4113237858
23.3900909424
23.4924690723
23.4140341282
23.3389089108
23.3669018745
23.3210480213
23.437926054
23.3942360878
23.4537620544
23.4897031784
23.4085919857
23.2920949459
23.4582138062
23.4680738449
23.4146318436
23.3151469231
23.1856489182
23.3651680946
23.4071190357
23.3685638905
23.3392381668
23.3361868858
23.4153242111
23.4428877831
23.3348701
23.4757418633
23.3884329796
23.341604948
23.4024050236
23.4251978397
23.3681561947
23.3805508614
23.4698820114
23.4246320724
23.5400459766
23.4950568676
23.3913621902
23.4130249023
23.3938729763
23.3902258873
23.3676099777
23.3898458481
23.3701310158
23.4134008884
23.4413530827
23.311303854
23.3972039223
23.3851349354
23.4197218418
23.318874836
23.3495218754
23.4153749943
23.2540910244
23.5008289814
23.412209034
23.2606289387
23.2808740139
23.294159174
23.3135740757
23.3597788811
23.3842298985
23.3282489777
