4.01638889313
1.40146613121
1.41444301605
1.44391798973
1.43887400627
1.43306684494
1.46015810966
1.40161108971
1.43579697609
1.41820693016
1.43872618675
1.42310714722
1.37567591667
1.4367108345
1.44797921181
1.40637683868
1.42742991447
1.42635798454
1.42739200592
1.41746997833
1.44177913666
1.44886016846
1.42991495132
1.42731904984
1.42044782639
1.437541008
1.40889215469
1.3944311142
1.40676212311
1.44239616394
1.41265320778
1.42614006996
1.40325689316
1.4052939415
1.49024701118
1.41519403458
1.44577288628
1.4318420887
1.40366411209
1.46404600143
1.45880293846
1.43801307678
1.4248521328
1.45346713066
1.44441103935
1.45213103294
1.41785287857
1.42525291443
1.46578001976
1.4019408226
1.42553186417
1.41406202316
1.41092014313
1.43694996834
1.42702198029
1.4295129776
1.42518305779
1.42781400681
1.41304016113
1.42815995216
1.44001293182
1.42791795731
1.42894697189
1.44029283524
1.42395305634
1.40386009216
1.42378807068
1.43469595909
1.40909695625
1.42081093788
1.42938399315
1.43578290939
1.45779800415
1.39785695076
1.40218305588
1.43470001221
1.41828298569
1.40474200249
1.41217589378
1.41896796227
1.43287992477
1.42728900909
1.40473103523
1.41201996803
1.41858792305
1.42559194565
1.40207505226
1.41625785828
1.42512607574
1.44044780731
1.42594099045
1.45347595215
1.406208992
1.39791989326
1.42911291122
1.40828919411
1.41218781471
1.43870520592
1.42908811569
1.40617179871
